-64.9128919861  -0.093567251462
-64.4947735192  0.093567251462
-64.181184669  0.187134502924
-63.8675958188  -0.046783625731
-63.5540069686  -0.374269005848
-63.1358885017  0.046783625731
-62.8222996516  -0.374269005848
-62.5087108014  -0.233918128655
-62.1951219512  0.093567251462
-61.7770034843  0
-61.4634146341  0.140350877193
-61.2543554007  0.187134502924
-60.8362369338  0.421052631579
-60.4181184669  -0.046783625731
-60.1045296167  0
-59.7909407666  0.374269005848
-59.4773519164  0.327485380117
-59.1637630662  0
-58.7456445993  0.233918128655
-58.4320557491  0.233918128655
-58.118466899  -0.093567251462
-57.8048780488  0.46783625731
-57.3867595819  0.842105263158
-57.0731707317  1.30994152047
-56.7595818815  0.982456140351
-56.3414634146  1.45029239766
-56.0278745645  1.91812865497
-55.7142857143  2.05847953216
-55.4006968641  2.29239766082
-54.9825783972  2.01169590643
-54.668989547  1.77777777778
-54.3554006969  1.68421052632
-54.0418118467  2.01169590643
-53.7282229965  1.63742690058
-53.3101045296  1.68421052632
-52.9965156794  1.73099415205
-52.6829268293  1.30994152047
-52.3693379791  1.54385964912
-51.9512195122  2.19883040936
-51.637630662  1.82456140351
-51.3240418118  1.9649122807
-51.0104529617  2.33918128655
-50.5923344948  3.04093567251
-50.2787456446  3.41520467836
-49.9651567944  3.74269005848
-49.6515679443  5.09941520468
-49.2334494774  4.91228070175
-48.9198606272  6.0350877193
-48.606271777  5.89473684211
-48.2926829268  5.66081871345
-47.8745644599  4.81871345029
-47.5609756098  4.02339181287
-47.2473867596  3.18128654971
-46.9337979094  2.76023391813
-46.6202090592  2.47953216374
-46.2020905923  2.61988304094
-45.8885017422  2.76023391813
-45.574912892  3.18128654971
-45.1567944251  3.41520467836
-44.8432055749  3.46198830409
-44.5296167247  3.36842105263
-44.2160278746  3.18128654971
-43.7979094077  3.27485380117
-43.4843205575  2.85380116959
-43.1707317073  2.33918128655
-42.8571428571  2.10526315789
-42.543554007  1.68421052632
-42.1254355401  1.16959064327
-41.8118466899  1.12280701754
-41.4982578397  0.93567251462
-41.0801393728  1.07602339181
-40.8710801394  1.07602339181
-40.4529616725  0.888888888889
-40.1393728223  1.02923976608
-39.8257839721  0.888888888889
-39.4076655052  0.795321637427
-39.0940766551  0.748538011696
-38.7804878049  0.46783625731
-38.4668989547  0.233918128655
-38.1533101045  0.514619883041
-37.7351916376  0.561403508772
-37.4216027875  0.46783625731
-37.0034843206  0.093567251462
-36.7944250871  0.093567251462
-36.3763066202  0.187134502924
-36.06271777  0.093567251462
-35.7491289199  -0.233918128655
-35.4355400697  -0.046783625731
-35.0174216028  0.187134502924
-34.7038327526  0.046783625731
-34.3902439024  -0.046783625731
-34.0766550523  0.187134502924
-33.6585365854  -0.093567251462
-33.3449477352  0
-33.031358885  -0.140350877193
-32.7177700348  -0.421052631579
-32.4041811847  -0.093567251462
-31.9860627178  -0.327485380117
-31.6724738676  0.046783625731
-31.3588850174  0.093567251462
-31.0452961672  -0.046783625731
-30.6271777003  -0.140350877193
-30.3135888502  0.093567251462
-30  0.093567251462
-29.5818815331  0.187134502924
-29.2682926829  0.187134502924
-28.9547038328  -0.046783625731
-28.6411149826  0.093567251462
-28.2229965157  -0.233918128655
-27.9094076655  0.046783625731
-27.5958188153  -0.140350877193
-27.2822299652  -0.421052631579
-26.8641114983  -0.046783625731
-26.5505226481  0.327485380117
-26.2369337979  0.280701754386
-25.9233449477  0.514619883041
-25.5052264808  -0.046783625731
-25.1916376307  0
-24.8780487805  -0.233918128655
